-----------------------------------------------------------------------------------
RF51822 dumps

softdevice s110_nrf51822_7.1.0_softdevice.hex

GPIO CONFIG
> mdw 0x50000700 32
0x50000700: 00000004 00000004 00000004 00030000 00030000 00000000 00000000 0003000c
0x50000720: 0000060c 0000060c 00000004 00000004 0000060c 0000060c 00000000 00000000
0x50000740: 00000004 00000004 00000004 00000003 00000004 00000004 0000000c 0000060c
0x50000760: 0000060c 00000003 00000000 00000000 00000004 00000004 00000003 00000004

ADC CONFIG
> mdw 0x40007500 16
0x40007500: 00000001 00008002 00000235 00000000 00000000 00000000 00000000 00000000
0x40007520: 00000000 00000000 00000000 00000000 00000000 00000000 00000000 00000000

CLOCK CONFIG
> mdw 0x40000300 200
0x40000300: 00000000 00000000 00000000 00000000 00000000 00000000 00000000 00000000
0x40000320: 00000000 00000000 00000000 00000000 00000000 00000000 00000000 00000000
0x40000340: 00000000 00000000 00000000 00000000 00000000 00000000 00000000 00000000
0x40000360: 00000000 00000000 00000000 00000000 00000000 00000000 00000000 00000000
0x40000380: 00000000 00000000 00000000 00000000 00000000 00000000 00000000 00000000
0x400003a0: 00000000 00000000 00000000 00000000 00000000 00000000 00000000 00000000
0x400003c0: 00000000 00000000 00000000 00000000 00000000 00000000 00000000 00000000
0x400003e0: 00000000 00000000 00000000 00000000 00000000 00000000 00000000 00000000
0x40000400: 00000001 fffff8fd 00000000 00010000 00000000 00000001 00010001 00000001
0x40000420: 00000040 0000001c 00000003 00000000 00000000 00000000 00000000 00000000
0x40000440: 00000000 00000000 00000000 00000000 00000000 00000000 00000000 00000000
0x40000460: 00000000 00000000 00000000 00000000 00000000 00000000 00000000 00000000
0x40000480: 00000000 00000000 00000000 00000000 00000000 00000000 00000000 00000000
0x400004a0: 00000000 00000000 00000000 00000000 00000000 00000000 00000000 00000000
0x400004c0: 00000000 00000000 00000000 00000000 00000000 00000000 00000000 00000000
0x400004e0: 00000000 00000000 00000000 00000000 00000000 00000000 00000000 00000000
0x40000500: 00000000 fffffffd 00000000 00000000 00000000 00000001 00000001 00000000
0x40000520: 00000000 00000003 c300f903 00002000 00000000 00000000 00000001 00000000
0x40000540: 0000001b 00000001 00000000 00000001 ffffffff 00000000 00000000 00000000
0x40000560: 00000000 00000000 00000000 00000000 00000000 00000000 00000000 00000000
0x40000580: 00000000 00000000 00000000 00000000 00000000 00000000 00000000 00000000
0x400005a0: 00000000 00000000 00000000 00000000 00000000 00000000 00000000 00000000
0x400005c0: 00000000 00000000 00000000 00000000 00000000 00000000 00000000 00000000
0x400005e0: 00000000 00000000 00000000 00000000 00000000 00000000 00000000 00000000
0x40000600: 00000000 00000000 00000001 00000000 00000000 00000000 00000000 00000000


-----------------------------------------------------------------------------------
RF51822 dumps
